4 4 16
0 0 14
0 1 5
0 2 10
0 3 13
0 5 15
0 9 9
0 10 4
0 12 2
1 0 7
1 1 11
1 2 15
1 3 6
1 4 12
1 5 3
1 7 4
1 8 5
1 10 10
1 11 1
2 1 12
2 3 16
2 6 5
2 8 3
2 10 8
3 2 1
3 3 3
3 4 7
3 5 6
3 8 12
3 12 15
3 13 14
3 14 5
4 1 4
4 3 10
4 4 8
4 6 13
4 8 9
4 12 16
4 13 6
5 1 1
5 2 12
5 4 3
5 5 10
5 6 16
5 11 11
5 14 2
6 1 13
6 2 6
6 3 9
6 4 4
6 5 2
6 8 15
6 11 10
6 14 3
6 15 7
7 0 5
7 1 7
7 3 8
7 4 11
7 5 9
7 9 4
7 10 13
7 11 3
7 13 10
7 15 1
8 0 4
8 2 9
8 4 1
8 5 11
8 6 8
8 10 14
8 11 5
8 12 3
8 14 13
8 15 2
9 0 11
9 1 14
9 4 13
9 7 10
9 10 3
9 11 2
9 12 9
9 13 4
9 14 16
10 1 16
10 4 14
10 9 13
10 10 11
10 11 9
10 13 15
10 14 12
11 2 13
11 3 2
11 7 6
11 9 8
11 11 16
11 12 5
11 14 11
12 1 9
12 2 16
12 3 4
12 7 11
12 10 6
12 11 15
12 12 1
12 13 12
13 5 16
13 7 13
13 9 5
13 12 10
13 14 4
14 4 15
14 5 4
14 7 12
14 8 13
14 10 9
14 11 7
14 12 14
14 13 16
14 14 6
14 15 11
15 3 12
15 5 8
15 6 2
15 10 1
15 12 13
15 13 5
15 14 7
15 15 9
